-9716
-9683
-9176
-8923
-8206
-8173
-8094
-7988
-7765
-7095
-6105
-6021
-5633
-5618
-5590
-5300
-5154
-4803
-4777
-4470
-4434
-4371
-3989
-3581
-3338
-3239
-2829
-2773
-2729
-2707
-2514
-2497
-2472
-2069
-1537
-1347
-1251
-532
-477
-210
-95
-81
280
675
1012
1179
1235
1323
1325
1508
1758
1997
2135
2382
2904
2904
2911
3167
3540
3586
4006
4141
4203
4208
4400
4668
4717
4833
4992
5029
5233
5369
5699
6143
6268
6359
6403
6627
6974
7069
7202
7312
7351
7725
7735
8054
8072
8107
8199
8602
8665
8822
8854
9273
9469