-9720
-9615
-9368
-9333
-9039
-8830
-8676
-8465
-8420
-8377
-8215
-7774
-7619
-7601
-7034
-7026
-6984
-6671
-6476
-6394
-6224
-5886
-5743
-5020
-4614
-4549
-4436
-4195
-4041
-3879
-3820
-3478
-3418
-3281
-3239
-2926
-2808
-2417
-2126
-2125
-2086
-2010
-1607
-1164
-643
-315
-145
35
100
255
350
371
663
680
967
1638
2044
2475
2561
2665
2722
2805
2805
2837
2912
3076
3289
3624
3762
3812
4108
4591
5103
5377
5562
5685
6016
6350
6355
6670
6760
6795
7108
7376
7422
7509
7626
7702
7769
7783
8197
8399
8642
8910
9580