-9897
-9789
-9773
-9433
-9405
-9038
-8811
-8769
-8262
-7916
-7662
-7210
-6913
-6850
-6764
-6437
-6406
-5802
-5681
-5517
-4981
-4554
-4536
-4385
-4284
-4082
-4073
-3870
-3664
-3232
-3151
-3047
-2815
-2738
-2083
-2066
-2009
-1647
-1392
-1370
-1001
55
307
349
397
903
1176
1583
1873
2072
2133
2431
2836
2845
2925
2975
3034
3062
3177
3245
3281
3342
3405
3517
3526
3557
3584
4117
4191
4583
5111
5209
5335
5569
6485
6517
6631
6675
6915
7223
7396
7637
7913
7990
8083
8294
8334
9045
9183
9298
9382
9414
9550
9698
9778