-9897
-9789
-9773
-9720
-9615
-9433
-9405
-9368
-9333
-9039
-9038
-8830
-8811
-8769
-8676
-8465
-8420
-8377
-8262
-8215
-7916
-7774
-7662
-7619
-7601
-7210
-7034
-7026
-6984
-6913
-6850
-6764
-6671
-6476
-6437
-6406
-6394
-6224
-5886
-5802
-5743
-5681
-5517
-5020
-4981
-4614
-4554
-4549
-4536
-4436
-4385
-4284
-4195
-4082
-4073
-4041
-3879
-3870
-3820
-3664
-3478
-3418
-3281
-3239
-3232
-3151
-3047
-2926
-2815
-2808
-2738
-2417
-2126
-2125
-2086
-2083
-2066
-2010
-2009
-1647
-1607
-1392
-1370
-1164
-1001
-643
-315
-145
35
55
100
255
307
349
350
371
397
663
680
903
967
1176
1583
1638
1873
2044
2072
2133
2431
2475
2561
2665
2722
2805
2805
2836
2837
2845
2912
2925
2975
3034
3062
3076
3177
3245
3281
3289
3342
3405
3517
3526
3557
3584
3624
3762
3812
4108
4117
4191
4583
4591
5103
5111
5209
5335
5377
5562
5569
5685
6016
6350
6355
6485
6517
6631
6670
6675
6760
6795
6915
7108
7223
7376
7396
7422
7509
7626
7637
7702
7769
7783
7913
7990
8083
8197
8294
8334
8399
8642
8910
9045
9183
9298
9382
9414
9550
9580
9698
9778