8072
1179
-9716
4006
-4371
-6105
6974
-3338
9273
6268
3540
-2829
-3989
-5300
4668
-9176
8602
4141
7312
4400
2911
-1251
6627
-7095
675
8854
-5633
-8173
-2707
8665
-2514
1323
4208
2382
-81
1012
7735
1758
-3581
2904
2135
1325
-95
-2472
-7988
-2773
-5618
-2729
7202
1997
8199
5369
3586
-4777
-4434
-8094
-5590
-6021
5233
8107
-8923
9469
-532
4717
4833
280
-7765
-2069
-1537
6359
-210
7351
-8206
8054
-5154
5029
5699
4203
6403
7725
-3239
-477
1508
-1347
-2497
3167
8822
1235
6143
2904
4992
-4803
-9683
7069
-4470
-4041
-5020
4591
8642
-4614
9580
680
6670
-7619
-2417
-3281
7376
-1164
-8420
-8377
3624
2805
-2808
-3239
3289
-6224
7509
-7026
5562
-5886
100
2044
255
-2125
967
-4195
6795
2912
-8215
-7034
-4549
-3418
7626
-2086
-6394
2805
1638
-3879
8910
-3820
8399
-643
-9615
-7774
-8465
7108
-2126
371
6016
5377
2665
3762
-8676
350
-7601
6355
-4436
-5743
4108
-9368
-3478
-6984
3812
2722
663
7422
-8830
-2926
2475
2837
3076
7769
-315
-6671
-2010
5103
-1607
-6476
6350
35
-9720
2561
-9039
5685
7783
-145
6760
7702
8197
-9333
8334
3281
-8262
5209
7396
307
-6406
-1392
-1001
-3232
5335
-7916
-6437
9183
7990
-8769
-2066
6915
-9405
-4385
-1370
-3870
9298
-9433
-4554
-4981
3517
4583
-7210
-4536
-5681
6517
-9773
2925
-1647
8294
-2815
2975
-9897
7223
349
-2009
1873
4117
1583
-9038
9045
2072
-4073
55
-3047
3062
-2083
9550
-3151
2836
9382
-2738
-5517
3034
3342
-6850
6631
5111
-4284
9698
-8811
2845
-6913
9778
5569
-7662
397
8083
-6764
903
4191
7637
1176
2133
3526
-4082
3245
-9789
9414
3557
6485
7913
3177
-3664
2431
-5802
6675
3584
3405
-1744
-4588
7517
9281
-6174
1863
-5986
7117
2075
8245
-4247
-9707
-3788
6121
-2206
